forwardingtable of node 0
===================================
8 5004 -1 -1 
1 5010 8 5011 
8 5017 -1 -1 
9 5019 -1 -1 
8 5032 -1 -1 
-1 -1 9 5033 
-1 -1 9 5052 
-1 -1 8 5056 


forwardingtable of node 1
===================================
-1 -1 0 5010 
-1 -1 2 5056 


forwardingtable of node 2
===================================
8 5006 3 5007 
-1 -1 8 5008 
3 5028 -1 -1 
1 5056 -1 -1 


forwardingtable of node 3
===================================
2 5007 4 5008 
-1 -1 2 5028 


forwardingtable of node 4
===================================
3 5008 -1 -1 
-1 -1 5 5025 


forwardingtable of node 5
===================================
-1 -1 6 5023 
4 5025 6 5026 
-1 -1 6 5034 


forwardingtable of node 6
===================================
7 5014 -1 -1 
5 5023 7 5024 
5 5026 7 5027 
5 5034 7 5035 
7 5041 -1 -1 


forwardingtable of node 7
===================================
14 5013 6 5014 
6 5024 13 5025 
6 5027 -1 -1 
8 5033 -1 -1 
-1 -1 14 5034 
6 5035 14 5036 
14 5040 6 5041 
-1 -1 14 5047 
-1 -1 8 5049 
13 5052 -1 -1 


forwardingtable of node 8
===================================
14 5003 0 5004 
14 5005 2 5006 
2 5008 11 5009 
0 5011 14 5012 
11 5016 0 5017 
9 5028 -1 -1 
11 5031 0 5032 
11 5032 7 5033 
9 5045 14 5046 
7 5049 11 5050 
14 5051 9 5052 
0 5056 14 5057 
-1 -1 9 5058 


forwardingtable of node 9
===================================
-1 -1 0 5019 
10 5027 8 5028 
0 5033 10 5034 
-1 -1 10 5042 
-1 -1 8 5045 
8 5052 -1 -1 
0 5052 10 5053 
8 5058 -1 -1 


forwardingtable of node 10
===================================
11 5020 15 5021 
-1 -1 9 5027 
9 5034 -1 -1 
9 5042 15 5043 
9 5053 15 5054 
15 5059 -1 -1 


forwardingtable of node 11
===================================
8 5009 -1 -1 
17 5015 8 5016 
-1 -1 17 5017 
-1 -1 17 5020 
-1 -1 10 5020 
17 5030 8 5031 
-1 -1 8 5032 
8 5050 -1 -1 


forwardingtable of node 12
===================================
17 5020 -1 -1 
-1 -1 17 5038 
-1 -1 17 5041 
13 5043 17 5044 


forwardingtable of node 13
===================================
7 5025 -1 -1 
-1 -1 12 5043 
-1 -1 7 5052 


forwardingtable of node 14
===================================
18 5002 8 5003 
19 5004 8 5005 
-1 -1 17 5009 
-1 -1 19 5010 
8 5012 18 5013 
-1 -1 7 5013 
17 5022 -1 -1 
7 5034 -1 -1 
7 5036 17 5037 
17 5039 7 5040 
8 5046 -1 -1 
7 5047 17 5048 
-1 -1 19 5049 
18 5050 8 5051 
8 5057 19 5058 


forwardingtable of node 15
===================================
17 5017 -1 -1 
10 5021 -1 -1 
-1 -1 18 5028 
17 5038 -1 -1 
17 5042 -1 -1 
10 5043 -1 -1 
17 5045 -1 -1 
18 5047 -1 -1 
10 5054 -1 -1 
18 5056 -1 -1 
18 5058 10 5059 


forwardingtable of node 16
===================================
17 5010 -1 -1 
-1 -1 17 5021 


forwardingtable of node 17
===================================
14 5009 16 5010 
23 5014 11 5015 
-1 -1 15 5017 
11 5017 18 5018 
22 5019 12 5020 
11 5020 -1 -1 
16 5021 14 5022 
18 5023 -1 -1 
22 5029 11 5030 
14 5037 15 5038 
12 5038 22 5039 
-1 -1 14 5039 
12 5041 15 5042 
12 5044 15 5045 
14 5048 22 5049 


forwardingtable of node 18
===================================
21 5001 14 5002 
14 5013 -1 -1 
17 5018 21 5019 
21 5022 17 5023 
15 5028 21 5029 
23 5045 -1 -1 
20 5046 15 5047 
-1 -1 14 5050 
20 5054 22 5055 
-1 -1 20 5055 
21 5055 15 5056 
-1 -1 15 5058 
21 5059 -1 -1 


forwardingtable of node 19
===================================
-1 -1 14 5004 
14 5010 -1 -1 
14 5049 -1 -1 
14 5058 -1 -1 


forwardingtable of node 20
===================================
-1 -1 18 5046 
-1 -1 18 5054 
18 5055 -1 -1 


forwardingtable of node 21
===================================
-1 -1 18 5001 
18 5019 -1 -1 
-1 -1 18 5022 
18 5029 -1 -1 
-1 -1 18 5055 
-1 -1 18 5059 


forwardingtable of node 22
===================================
-1 -1 17 5019 
-1 -1 17 5029 
17 5039 -1 -1 
17 5049 -1 -1 
18 5055 -1 -1 


forwardingtable of node 23
===================================
-1 -1 17 5014 
-1 -1 18 5045 


