0  21  0  5001-->5002-->5003-->5004  4  
1  19  4  5004-->5005-->5006-->5007-->5008  5  
2  2  11  5008-->5009  2  
5  14  16  5009-->5010  2  
6  14  19  5010  1  
7  1  18  5010-->5011-->5012-->5013  4  
8  14  6  5013-->5014  2  
9  23  0  5014-->5015-->5016-->5017  4  
10  17  15  5017  1  
11  11  21  5017-->5018-->5019  3  
12  9  0  5019  1  
13  22  12  5019-->5020  2  
14  11  17  5020  1  
15  11  15  5020-->5021  2  
17  16  14  5021-->5022  2  
18  21  17  5022-->5023  2  
19  5  13  5023-->5024-->5025  3  
21  4  7  5025-->5026-->5027  3  
22  10  8  5027-->5028  2  
23  3  2  5028  1  
25  15  21  5028-->5029  2  
26  22  0  5029-->5030-->5031-->5032  4  
27  11  7  5032-->5033  2  
31  0  10  5033-->5034  2  
32  7  14  5034  1  
33  5  15  5034-->5035-->5036-->5037-->5038  5  
34  12  22  5038-->5039  2  
35  17  6  5039-->5040-->5041  3  
36  12  15  5041-->5042  2  
38  9  15  5042-->5043  2  
46  13  15  5043-->5044-->5045  3  
53  23  18  5045  1  
55  9  14  5045-->5046  2  
56  20  15  5046-->5047  2  
57  7  22  5047-->5048-->5049  3  
59  14  19  5049  1  
63  7  11  5049-->5050  2  
66  18  9  5050-->5051-->5052  3  
68  13  7  5052  1  
69  0  15  5052-->5053-->5054  3  
79  20  22  5054-->5055  2  
80  18  20  5055  1  
85  21  15  5055-->5056  2  
86  1  2  5056  1  
88  0  19  5056-->5057-->5058  3  
94  8  9  5058  1  
95  18  10  5058-->5059  2  
98  21  18  5059  1  
no. of connections established : 48
