0  13  5  5001-->5002  2  
1  7  4  5002-->5003  2  
2  4  5  5003  1  
3  6  2  5003-->5004-->5005  3  
4  2  10  5005-->5006  2  
5  8  12  5006-->5007  2  
6  3  13  5007-->5008  2  
7  6  3  5008-->5009  2  
8  2  9  5009-->5010-->5011  3  
9  9  5  5011-->5012  2  
10  7  0  5012-->5013  2  
11  0  6  5013-->5014-->5015  3  
12  10  3  5015-->5016-->5017  3  
13  2  11  5017-->5018-->5019  3  
14  6  11  5019-->5020-->5021  3  
15  11  5  5021-->5022  2  
16  9  3  5022-->5023-->5024  3  
17  8  13  5024  1  
18  9  0  5024-->5025-->5026  3  
20  6  2  5026-->5027-->5028  3  
22  13  11  5028-->5029  2  
24  6  4  5029  1  
26  1  6  5029-->5030  2  
27  9  10  5030  1  
29  4  13  5030-->5031-->5032  3  
31  2  1  5032  1  
34  5  10  5032  1  
39  1  0  5032  1  
40  5  4  5032  1  
41  13  2  5032-->5033-->5034  3  
43  0  4  5034-->5035  2  
44  1  4  5035-->5036-->5037  3  
45  3  6  5037-->5038  2  
46  2  0  5038  1  
48  5  1  5038-->5039  2  
49  6  0  5039-->5040-->5041  3  
50  3  4  5041  1  
51  4  5  5041  1  
53  0  13  5041-->5042-->5043  3  
54  6  11  5043-->5044-->5045  3  
55  9  10  5045  1  
56  1  12  5045-->5046-->5047  3  
68  10  11  5047-->5048  2  
71  10  6  5048-->5049-->5050  3  
74  13  11  5050-->5051  2  
76  11  6  5051-->5052-->5053  3  
78  11  8  5053  1  
79  4  6  5053  1  
81  3  0  5053  1  
82  1  5  5053-->5054  2  
93  12  11  5054  1  
94  0  1  5054  1  
96  3  5  5054-->5055  2  
97  9  8  5055-->5056  2  
99  0  4  5056-->5057  2  
no. of connections established : 55
