forwardingtable of node 0
===================================
9 5014 -1 -1 
1 5026 8 5027 
-1 -1 9 5028 
-1 -1 8 5036 
8 5038 -1 -1 
-1 -1 1 5044 


forwardingtable of node 1
===================================
-1 -1 0 5026 
0 5044 2 5045 


forwardingtable of node 2
===================================
-1 -1 8 5005 
3 5022 -1 -1 
8 5025 3 5026 
1 5045 3 5046 


forwardingtable of node 3
===================================
-1 -1 2 5022 
2 5026 -1 -1 
2 5046 4 5047 


forwardingtable of node 4
===================================
5 5005 -1 -1 
-1 -1 5 5020 
3 5047 -1 -1 


forwardingtable of node 5
===================================
6 5004 4 5005 
-1 -1 6 5018 
4 5020 6 5021 


forwardingtable of node 6
===================================
7 5003 5 5004 
7 5012 -1 -1 
5 5018 7 5019 
5 5021 7 5022 


forwardingtable of node 7
===================================
13 5002 6 5003 
14 5011 6 5012 
6 5019 13 5020 
6 5022 -1 -1 
-1 -1 14 5029 
-1 -1 13 5031 
8 5037 -1 -1 
13 5042 -1 -1 
14 5044 -1 -1 


forwardingtable of node 8
===================================
2 5005 12 5006 
12 5024 2 5025 
0 5027 14 5028 
0 5036 7 5037 
14 5037 0 5038 


forwardingtable of node 9
===================================
-1 -1 0 5014 
-1 -1 12 5023 
0 5028 10 5029 
-1 -1 10 5033 
12 5042 -1 -1 


forwardingtable of node 10
===================================
11 5015 15 5016 
9 5029 -1 -1 
9 5033 15 5034 
15 5053 -1 -1 


forwardingtable of node 11
===================================
-1 -1 17 5012 
-1 -1 17 5015 
-1 -1 10 5015 
-1 -1 12 5051 


forwardingtable of node 12
===================================
8 5006 13 5007 
17 5015 -1 -1 
9 5023 8 5024 
-1 -1 17 5029 
-1 -1 17 5030 
13 5034 17 5035 
17 5041 9 5042 
11 5051 14 5052 


forwardingtable of node 13
===================================
19 5001 7 5002 
12 5007 19 5008 
14 5010 19 5011 
7 5020 -1 -1 
7 5031 19 5032 
-1 -1 12 5034 
14 5039 19 5040 
-1 -1 7 5042 
14 5049 19 5050 


forwardingtable of node 14
===================================
-1 -1 17 5009 
-1 -1 13 5010 
-1 -1 7 5011 
17 5017 -1 -1 
8 5028 -1 -1 
7 5029 -1 -1 
-1 -1 8 5037 
-1 -1 13 5039 
18 5043 7 5044 
-1 -1 13 5049 
12 5052 -1 -1 


forwardingtable of node 15
===================================
17 5012 -1 -1 
10 5016 -1 -1 
-1 -1 18 5022 
17 5031 -1 -1 
10 5034 -1 -1 
17 5036 -1 -1 
18 5039 -1 -1 
18 5049 -1 -1 
18 5052 10 5053 


forwardingtable of node 16
===================================
17 5010 -1 -1 
-1 -1 17 5016 


forwardingtable of node 17
===================================
14 5009 16 5010 
-1 -1 15 5012 
11 5012 18 5013 
22 5014 12 5015 
11 5015 -1 -1 
16 5016 14 5017 
18 5018 -1 -1 
12 5029 22 5030 
12 5030 15 5031 
12 5035 15 5036 
18 5040 12 5041 


forwardingtable of node 18
===================================
17 5013 21 5014 
21 5017 17 5018 
15 5022 21 5023 
23 5038 -1 -1 
20 5038 15 5039 
-1 -1 17 5040 
23 5042 14 5043 
20 5047 22 5048 
-1 -1 20 5048 
21 5048 15 5049 
-1 -1 15 5052 
21 5053 -1 -1 


forwardingtable of node 19
===================================
-1 -1 13 5001 
13 5008 20 5009 
13 5011 -1 -1 
13 5032 20 5033 
13 5040 -1 -1 
13 5050 20 5051 


forwardingtable of node 20
===================================
19 5009 -1 -1 
19 5033 -1 -1 
-1 -1 18 5038 
-1 -1 18 5047 
18 5048 -1 -1 
19 5051 -1 -1 


forwardingtable of node 21
===================================
18 5014 -1 -1 
-1 -1 18 5017 
18 5023 -1 -1 
-1 -1 18 5048 
-1 -1 18 5053 


forwardingtable of node 22
===================================
-1 -1 17 5014 
17 5030 -1 -1 
18 5048 -1 -1 


forwardingtable of node 23
===================================
-1 -1 18 5038 
-1 -1 18 5042 


