forwardingtable of node 0
===================================
1 5010 -1 -1 
1 5017 -1 -1 
2 5018 -1 -1 
-1 -1 2 5020 
1 5029 3 5030 
1 5031 -1 -1 
3 5034 -1 -1 
-1 -1 1 5037 


forwardingtable of node 1
===================================
7 5009 0 5010 
2 5017 -1 -1 
-1 -1 0 5017 
2 5019 -1 -1 
-1 -1 2 5026 
7 5028 0 5029 
7 5030 0 5031 
-1 -1 2 5034 
0 5037 -1 -1 


forwardingtable of node 2
===================================
5 5005 -1 -1 
-1 -1 5 5005 
-1 -1 5 5010 
-1 -1 1 5017 
-1 -1 0 5018 
5 5018 1 5019 
0 5020 5 5021 
1 5026 5 5027 
1 5034 5 5035 


forwardingtable of node 3
===================================
-1 -1 8 5007 
4 5009 -1 -1 
8 5016 -1 -1 
-1 -1 4 5017 
-1 -1 4 5019 
4 5024 8 5025 
0 5030 -1 -1 
-1 -1 0 5034 


forwardingtable of node 4
===================================
6 5003 -1 -1 
-1 -1 5 5003 
6 5003 5 5004 
6 5008 3 5009 
6 5017 -1 -1 
5 5017 -1 -1 
3 5017 6 5018 
3 5019 -1 -1 
6 5023 3 5024 
5 5033 6 5034 
-1 -1 6 5034 
5 5036 6 5037 


forwardingtable of node 5
===================================
12 5002 -1 -1 
4 5003 -1 -1 
4 5004 2 5005 
2 5005 10 5006 
2 5010 12 5011 
-1 -1 10 5017 
-1 -1 4 5017 
-1 -1 2 5018 
2 5021 12 5022 
2 5027 12 5028 
10 5032 4 5033 
2 5035 -1 -1 
10 5035 4 5036 


forwardingtable of node 6
===================================
7 5002 4 5003 
-1 -1 4 5003 
-1 -1 4 5008 
-1 -1 4 5017 
4 5018 -1 -1 
7 5020 -1 -1 
-1 -1 4 5023 
4 5034 -1 -1 
4 5034 -1 -1 
4 5037 -1 -1 


forwardingtable of node 7
===================================
-1 -1 6 5002 
-1 -1 1 5009 
9 5019 6 5020 
-1 -1 1 5028 
-1 -1 1 5030 


forwardingtable of node 8
===================================
-1 -1 13 5006 
3 5007 13 5008 
13 5013 11 5014 
13 5015 3 5016 
13 5016 11 5017 
3 5025 11 5026 
11 5034 -1 -1 


forwardingtable of node 9
===================================
-1 -1 13 5014 
-1 -1 10 5017 
-1 -1 7 5019 
-1 -1 10 5026 
10 5031 11 5032 


forwardingtable of node 10
===================================
5 5006 -1 -1 
9 5017 -1 -1 
5 5017 -1 -1 
9 5026 -1 -1 
-1 -1 9 5031 
-1 -1 5 5032 
-1 -1 5 5035 


forwardingtable of node 11
===================================
8 5014 -1 -1 
8 5017 -1 -1 
8 5026 -1 -1 
9 5032 -1 -1 
-1 -1 8 5034 


forwardingtable of node 12
===================================
13 5001 5 5002 
13 5007 -1 -1 
5 5011 13 5012 
5 5022 13 5023 
5 5028 -1 -1 


forwardingtable of node 13
===================================
-1 -1 12 5001 
8 5006 12 5007 
8 5008 -1 -1 
12 5012 8 5013 
9 5014 8 5015 
-1 -1 8 5016 
12 5023 -1 -1 


