0  13  5  5001-->5002  9  
1  7  4  5002-->5003  10  
2  4  5  5003  4  
3  6  2  5003-->5004-->5005  8  
4  2  10  5005-->5006  8  
5  8  12  5006-->5007  3  
6  3  13  5007-->5008  11  
7  6  3  5008-->5009  9  
10  7  0  5009-->5010  9  
13  2  11  5010-->5011-->5012-->5013-->5014  13  
16  9  3  5014-->5015-->5016  17  
22  13  11  5016-->5017  3  
24  6  4  5017  3  
27  9  10  5017  8  
31  2  1  5017  2  
34  5  10  5017  7  
39  1  0  5017  2  
40  5  4  5017  4  
45  3  6  5017-->5018  9  
46  2  0  5018  3  
48  5  1  5018-->5019  3  
50  3  4  5019  6  
52  9  6  5019-->5020  17  
53  0  13  5020-->5021-->5022-->5023  13  
54  6  11  5023-->5024-->5025-->5026  19  
55  9  10  5026  8  
56  1  12  5026-->5027-->5028  11  
57  7  3  5028-->5029-->5030  14  
67  7  0  5030-->5031  9  
68  10  11  5031-->5032  15  
71  10  6  5032-->5033-->5034  14  
78  11  8  5034  1  
79  4  6  5034  3  
81  3  0  5034  5  
82  1  5  5034-->5035  3  
84  10  6  5035-->5036-->5037  14  
94  0  1  5037  2  
no. of connections established : 37
