forwardingtable of node 0
===================================
8 5004 -1 -1 
1 5010 8 5011 
8 5017 -1 -1 
9 5019 -1 -1 
-1 -1 9 5030 
-1 -1 9 5041 
8 5046 -1 -1 


forwardingtable of node 1
===================================
-1 -1 0 5010 
-1 -1 2 5051 


forwardingtable of node 2
===================================
8 5006 3 5007 
-1 -1 8 5008 
3 5028 -1 -1 
1 5051 -1 -1 


forwardingtable of node 3
===================================
2 5007 4 5008 
-1 -1 2 5028 


forwardingtable of node 4
===================================
3 5008 -1 -1 
-1 -1 5 5025 


forwardingtable of node 5
===================================
-1 -1 6 5023 
4 5025 6 5026 


forwardingtable of node 6
===================================
7 5014 -1 -1 
5 5023 7 5024 
5 5026 7 5027 
7 5050 -1 -1 


forwardingtable of node 7
===================================
14 5013 6 5014 
6 5024 13 5025 
6 5027 -1 -1 
8 5030 -1 -1 
-1 -1 14 5031 
-1 -1 14 5038 
-1 -1 8 5040 
13 5041 -1 -1 
13 5049 6 5050 


forwardingtable of node 8
===================================
14 5003 0 5004 
14 5005 2 5006 
2 5008 11 5009 
0 5011 14 5012 
11 5016 0 5017 
9 5028 -1 -1 
11 5029 7 5030 
9 5036 14 5037 
7 5040 11 5041 
11 5045 0 5046 
-1 -1 9 5051 


forwardingtable of node 9
===================================
-1 -1 0 5019 
10 5027 8 5028 
0 5030 10 5031 
-1 -1 10 5033 
-1 -1 8 5036 
0 5041 10 5042 
8 5051 -1 -1 


forwardingtable of node 10
===================================
11 5020 15 5021 
-1 -1 9 5027 
9 5031 -1 -1 
9 5033 15 5034 
9 5042 15 5043 


forwardingtable of node 11
===================================
8 5009 -1 -1 
17 5015 8 5016 
-1 -1 17 5017 
-1 -1 17 5020 
-1 -1 10 5020 
-1 -1 8 5029 
8 5041 -1 -1 
17 5044 8 5045 


forwardingtable of node 12
===================================
17 5020 -1 -1 
-1 -1 17 5031 
-1 -1 17 5032 
13 5034 17 5035 


forwardingtable of node 13
===================================
7 5025 -1 -1 
-1 -1 12 5034 
-1 -1 7 5041 
19 5048 7 5049 


forwardingtable of node 14
===================================
18 5002 8 5003 
19 5004 8 5005 
-1 -1 17 5009 
-1 -1 19 5010 
8 5012 18 5013 
-1 -1 7 5013 
17 5022 -1 -1 
7 5031 -1 -1 
8 5037 -1 -1 
7 5038 17 5039 
-1 -1 19 5040 


forwardingtable of node 15
===================================
17 5017 -1 -1 
10 5021 -1 -1 
-1 -1 18 5028 
17 5033 -1 -1 
10 5034 -1 -1 
17 5036 -1 -1 
18 5038 -1 -1 
10 5043 -1 -1 
18 5051 -1 -1 


forwardingtable of node 16
===================================
17 5010 -1 -1 
-1 -1 17 5021 


forwardingtable of node 17
===================================
14 5009 16 5010 
23 5014 11 5015 
-1 -1 15 5017 
11 5017 18 5018 
22 5019 12 5020 
11 5020 -1 -1 
16 5021 14 5022 
18 5023 -1 -1 
12 5031 22 5032 
12 5032 15 5033 
12 5035 15 5036 
14 5039 22 5040 
22 5043 11 5044 


forwardingtable of node 18
===================================
21 5001 14 5002 
14 5013 -1 -1 
17 5018 21 5019 
21 5022 17 5023 
15 5028 21 5029 
23 5036 -1 -1 
20 5037 15 5038 
20 5046 22 5047 
-1 -1 20 5047 
21 5050 15 5051 
21 5051 -1 -1 


forwardingtable of node 19
===================================
-1 -1 14 5004 
14 5010 -1 -1 
14 5040 -1 -1 
20 5047 13 5048 


forwardingtable of node 20
===================================
-1 -1 18 5037 
-1 -1 18 5046 
18 5047 -1 -1 
-1 -1 19 5047 


forwardingtable of node 21
===================================
-1 -1 18 5001 
18 5019 -1 -1 
-1 -1 18 5022 
18 5029 -1 -1 
-1 -1 18 5050 
-1 -1 18 5051 


forwardingtable of node 22
===================================
-1 -1 17 5019 
17 5032 -1 -1 
17 5040 -1 -1 
-1 -1 17 5043 
18 5047 -1 -1 


forwardingtable of node 23
===================================
-1 -1 17 5014 
-1 -1 18 5036 


