0  21  0  5001-->5002-->5003-->5004  4  
1  19  4  5004-->5005-->5006-->5007-->5008  5  
2  2  11  5008-->5009  2  
5  14  16  5009-->5010  2  
6  14  19  5010  1  
7  1  18  5010-->5011-->5012-->5013  4  
8  14  6  5013-->5014  2  
9  23  0  5014-->5015-->5016-->5017  4  
10  17  15  5017  1  
11  11  21  5017-->5018-->5019  3  
12  9  0  5019  1  
13  22  12  5019-->5020  2  
14  11  17  5020  1  
15  11  15  5020-->5021  2  
17  16  14  5021-->5022  2  
18  21  17  5022-->5023  2  
19  5  13  5023-->5024-->5025  3  
21  4  7  5025-->5026-->5027  3  
22  10  8  5027-->5028  2  
23  3  2  5028  1  
25  15  21  5028-->5029  2  
27  11  7  5029-->5030  2  
31  0  10  5030-->5031  2  
32  7  14  5031  1  
34  12  22  5031-->5032  2  
36  12  15  5032-->5033  2  
38  9  15  5033-->5034  2  
46  13  15  5034-->5035-->5036  3  
53  23  18  5036  1  
55  9  14  5036-->5037  2  
56  20  15  5037-->5038  2  
57  7  22  5038-->5039-->5040  3  
59  14  19  5040  1  
63  7  11  5040-->5041  2  
68  13  7  5041  1  
69  0  15  5041-->5042-->5043  3  
73  22  0  5043-->5044-->5045-->5046  4  
79  20  22  5046-->5047  2  
80  18  20  5047  1  
84  20  6  5047-->5048-->5049-->5050  4  
85  21  15  5050-->5051  2  
86  1  2  5051  1  
94  8  9  5051  1  
98  21  18  5051  1  
no. of connections established : 44
