1  19  4  5001-->5002-->5003-->5004-->5005  20  
3  2  20  5005-->5006-->5007-->5008-->5009  18  
5  14  16  5009-->5010  9  
6  14  19  5010-->5011  7  
8  14  6  5011-->5012  12  
10  17  15  5012  8  
11  11  21  5012-->5013-->5014  13  
12  9  0  5014  5  
13  22  12  5014-->5015  6  
14  11  17  5015  7  
15  11  15  5015-->5016  12  
17  16  14  5016-->5017  9  
18  21  17  5017-->5018  6  
19  5  13  5018-->5019-->5020  14  
21  4  7  5020-->5021-->5022  8  
23  3  2  5022  7  
25  15  21  5022-->5023  8  
28  9  3  5023-->5024-->5025-->5026  17  
30  1  14  5026-->5027-->5028  12  
31  0  10  5028-->5029  12  
32  7  14  5029  8  
34  12  22  5029-->5030  6  
36  12  15  5030-->5031  11  
37  7  20  5031-->5032-->5033  14  
38  9  15  5033-->5034  13  
46  13  15  5034-->5035-->5036  15  
47  0  7  5036-->5037  10  
49  14  0  5037-->5038  10  
53  23  18  5038  1  
56  20  15  5038-->5039  13  
59  14  19  5039-->5040  7  
66  18  9  5040-->5041-->5042  11  
68  13  7  5042  7  
79  20  22  5042-->5043  8  
80  18  20  5043  6  
85  21  15  5043-->5044  8  
86  1  2  5044  6  
89  14  20  5044-->5045-->5046  9  
93  11  14  5046-->5047  12  
98  21  18  5047  1  
no. of connections established : 40
